# Force and moment coefficients
# dragDir           : (9.975640502598e-01 6.975647374409e-02 0.000000000000e+00)
# sideDir           : (0.000000000000e+00 0.000000000000e+00 -1.000000000000e+00)
# liftDir           : (-6.975647374409e-02 9.975640502598e-01 0.000000000000e+00)
# rollAxis          : (9.975640502598e-01 6.975647374409e-02 0.000000000000e+00)
# pitchAxis         : (0.000000000000e+00 0.000000000000e+00 -1.000000000000e+00)
# yawAxis           : (-6.975647374409e-02 9.975640502598e-01 0.000000000000e+00)
# magUInf           : 9.000000000000e+01
# lRef              : 1.000000000000e+00
# Aref              : 1.000000000000e+00
# CofR              : (2.500000000000e-01 0.000000000000e+00 0.000000000000e+00)
#
# Time              	Cd                  	Cd(f)               	Cd(r)               	Cl                  	Cl(f)               	Cl(r)               	CmPitch             	CmRoll              	CmYaw               	Cs                  	Cs(f)               	Cs(r)               
1                   	1.236007577936e-01	4.314140175987e-02	8.045935603369e-02	3.731795427382e-02	6.715832182000e-02	-2.984036754618e-02	4.849934468309e-02	-1.865897713691e-02	6.180037889678e-02	8.662926864005e-22	6.180037889678e-02	-6.180037889678e-02
2                   	9.138058475629e-02	7.453533374820e-03	8.392705138147e-02	7.647351800665e-02	1.427184847103e-01	-6.624496670364e-02	1.044817257070e-01	-3.823675900332e-02	4.569029237814e-02	1.858821124969e-21	4.569029237814e-02	-4.569029237814e-02
27                  	1.954706443386e-02	-5.295421031849e-02	7.250127475234e-02	1.254554850708e-01	8.201500513280e-02	4.344047993803e-02	1.928726259739e-02	-6.272774253542e-02	9.773532216929e-03	7.595789034283e-22	9.773532216929e-03	-9.773532216929e-03
52                  	2.253240687253e-02	-9.234685977361e-02	1.148792666461e-01	2.072261264198e-01	1.068155305865e-01	1.004105958333e-01	3.202467376587e-03	-1.036130632099e-01	1.126620343626e-02	6.541463978923e-22	1.126620343626e-02	-1.126620343626e-02
77                  	2.421067699641e-02	-1.289712758133e-01	1.531819528097e-01	2.821532286229e-01	1.411450121875e-01	1.410082164355e-01	6.839787601885e-05	-1.410766143115e-01	1.210533849820e-02	7.432079913209e-22	1.210533849820e-02	-1.210533849820e-02
102                 	2.272772200514e-02	-1.588772177078e-01	1.816049397129e-01	3.404821574207e-01	1.714402586238e-01	1.690418987968e-01	1.199179913516e-03	-1.702410787103e-01	1.136386100257e-02	7.099292209831e-22	1.136386100257e-02	-1.136386100257e-02
127                 	2.064560526171e-02	-1.834545810466e-01	2.041001863083e-01	3.875547673548e-01	1.956223461833e-01	1.919324211716e-01	1.844962505869e-03	-1.937773836774e-01	1.032280263085e-02	6.659183222733e-22	1.032280263085e-02	-1.032280263085e-02
152                 	1.870166692719e-02	-1.974135876240e-01	2.161152545512e-01	4.135288421752e-01	2.094312437020e-01	2.040975984732e-01	2.666822614388e-03	-2.067644210876e-01	9.350833463597e-03	6.280317251316e-22	9.350833463597e-03	-9.350833463597e-03
177                 	1.774691162097e-02	-2.025737084630e-01	2.203206200840e-01	4.228943285470e-01	2.140966017751e-01	2.087977267719e-01	2.649437501573e-03	-2.114471642735e-01	8.873455810485e-03	5.993319647799e-22	8.873455810485e-03	-8.873455810485e-03
202                 	1.771475577666e-02	-2.014415414451e-01	2.191562972217e-01	4.205978386668e-01	2.126114823347e-01	2.079863563321e-01	2.312563001280e-03	-2.102989193334e-01	8.857377888331e-03	5.892030614472e-22	8.857377888331e-03	-8.857377888331e-03
227                 	1.815961875089e-02	-1.976894257362e-01	2.158490444871e-01	4.135384702234e-01	2.085673977094e-01	2.049710725140e-01	1.798162597722e-03	-2.067692351117e-01	9.079809375446e-03	5.892335437214e-22	9.079809375446e-03	-9.079809375446e-03
252                 	1.865796838787e-02	-1.944816294336e-01	2.131395978214e-01	4.076212272550e-01	2.051417556084e-01	2.024794716466e-01	1.331141980913e-03	-2.038106136275e-01	9.328984193937e-03	5.939766060676e-22	9.328984193937e-03	-9.328984193937e-03
277                 	1.894002330479e-02	-1.933262621992e-01	2.122662855040e-01	4.055925477031e-01	2.038750892482e-01	2.017174584549e-01	1.078815396664e-03	-2.027962738516e-01	9.470011652394e-03	5.978685084799e-22	9.470011652394e-03	-9.470011652394e-03
302                 	1.895451820712e-02	-1.942924483848e-01	2.132469665919e-01	4.075394149767e-01	2.048056113447e-01	2.027338036320e-01	1.035903856333e-03	-2.037697074883e-01	9.477259103558e-03	5.985931072987e-22	9.477259103558e-03	-9.477259103558e-03
327                 	1.877182042692e-02	-1.964926027675e-01	2.152644231944e-01	4.117570259620e-01	2.070037960307e-01	2.047532299313e-01	1.125283049715e-03	-2.058785129810e-01	9.385910213462e-03	5.964908825534e-22	9.385910213462e-03	-9.385910213462e-03
352                 	1.852226296049e-02	-1.988198830238e-01	2.173421459843e-01	4.161620290081e-01	2.093116700456e-01	2.068503589625e-01	1.230655541564e-03	-2.080810145040e-01	9.261131480243e-03	5.931827731633e-22	9.261131480243e-03	-9.261131480243e-03
377                 	1.832423152559e-02	-2.004642614803e-01	2.187884930059e-01	4.192527544863e-01	2.108994339324e-01	2.083533205539e-01	1.273056689253e-03	-2.096263772431e-01	9.162115762796e-03	5.903701455339e-22	9.162115762796e-03	-9.162115762796e-03
402                 	1.823785858977e-02	-2.011662933726e-01	2.194041519624e-01	4.205704453349e-01	2.115088042119e-01	2.090616411231e-01	1.223581544380e-03	-2.102852226675e-01	9.118929294883e-03	5.889295265997e-22	9.118929294883e-03	-9.118929294883e-03
427                 	1.825570752406e-02	-2.011194951580e-01	2.193752026821e-01	4.204946978401e-01	2.113489743482e-01	2.091457234919e-01	1.101625428170e-03	-2.102473489201e-01	9.127853762029e-03	5.887826745505e-22	9.127853762029e-03	-9.127853762029e-03
452                 	1.832981200516e-02	-2.007225803744e-01	2.190523923796e-01	4.197749727540e-01	2.108410477647e-01	2.089339249893e-01	9.535613876687e-04	-2.098874863770e-01	9.164906002580e-03	5.893024592438e-22	9.164906002580e-03	-9.164906002580e-03
477                 	1.840683159238e-02	-2.003464961271e-01	2.187533277195e-01	4.190998238466e-01	2.103762481013e-01	2.087235757454e-01	8.263361779428e-04	-2.095499119233e-01	9.203415796189e-03	5.898179835638e-22	9.203415796189e-03	-9.203415796189e-03
502                 	1.845334016059e-02	-2.002039510482e-01	2.186572912088e-01	4.188612422569e-01	2.101742576591e-01	2.086869845978e-01	7.436365306182e-04	-2.094306211285e-01	9.226670080296e-03	5.899504848801e-22	9.226670080296e-03	-9.226670080296e-03
527                 	1.846097253752e-02	-2.003145512594e-01	2.187755237969e-01	4.190900750563e-01	2.102529827151e-01	2.088370923411e-01	7.079451869964e-04	-2.095450375281e-01	9.230486268758e-03	5.896691814009e-22	9.230486268758e-03	-9.230486268758e-03
552                 	1.844036069454e-02	-2.005820528012e-01	2.190224134958e-01	4.196044662970e-01	2.105061120189e-01	2.090983542781e-01	7.038788703597e-04	-2.098022331485e-01	9.220180347272e-03	5.891533144551e-22	9.220180347272e-03	-9.220180347272e-03
577                 	1.840913567226e-02	-2.008794158874e-01	2.192885515597e-01	4.201679674471e-01	2.107953262111e-01	2.093726412361e-01	7.113424874998e-04	-2.100839837236e-01	9.204567836131e-03	5.886297370421e-22	9.204567836131e-03	-9.204567836131e-03
