# Force and moment coefficients
# dragDir           : (9.975640502598e-01 6.975647374409e-02 0.000000000000e+00)
# sideDir           : (0.000000000000e+00 0.000000000000e+00 -1.000000000000e+00)
# liftDir           : (-6.975647374409e-02 9.975640502598e-01 0.000000000000e+00)
# rollAxis          : (9.975640502598e-01 6.975647374409e-02 0.000000000000e+00)
# pitchAxis         : (0.000000000000e+00 0.000000000000e+00 -1.000000000000e+00)
# yawAxis           : (-6.975647374409e-02 9.975640502598e-01 0.000000000000e+00)
# magUInf           : 9.000000000000e+01
# lRef              : 1.000000000000e+00
# Aref              : 1.000000000000e+00
# CofR              : (2.500000000000e-01 0.000000000000e+00 0.000000000000e+00)
#
# Time              	Cd                  	Cd(f)               	Cd(r)               	Cl                  	Cl(f)               	Cl(r)               	CmPitch             	CmRoll              	CmYaw               	Cs                  	Cs(f)               	Cs(r)               
601                 	1.281821451005e-02	-1.993458894177e-01	2.121641039278e-01	4.115099933456e-01	2.092330415027e-01	2.022769518428e-01	3.478044829935e-03	-2.057549966728e-01	6.409107255026e-03	9.791807568196e-22	6.409107255026e-03	-6.409107255026e-03
602                 	1.103903726695e-02	-2.022087607870e-01	2.132477980539e-01	4.154565588409e-01	2.102881683293e-01	2.051683905116e-01	2.559888908850e-03	-2.077282794205e-01	5.519518633474e-03	9.472574096832e-22	5.519518633474e-03	-5.519518633474e-03
627                 	9.008387706391e-03	-2.114451504249e-01	2.204535381313e-01	4.318986885563e-01	2.192214364971e-01	2.126772520591e-01	3.272092218995e-03	-2.159493442781e-01	4.504193853196e-03	9.332838981445e-22	4.504193853196e-03	-4.504193853196e-03
652                 	9.069607094300e-03	-2.131779271359e-01	2.222475342302e-01	4.354254613661e-01	2.203646505613e-01	2.150608108048e-01	2.651919878250e-03	-2.177127306831e-01	4.534803547150e-03	9.307509137151e-22	4.534803547150e-03	-4.534803547150e-03
677                 	9.031153651646e-03	-2.143096394415e-01	2.233407930931e-01	4.376504325346e-01	2.212210872434e-01	2.164293452912e-01	2.395870976082e-03	-2.188252162673e-01	4.515576825823e-03	9.292508122652e-22	4.515576825823e-03	-4.515576825823e-03
702                 	9.030599053065e-03	-2.152812745251e-01	2.243118735782e-01	4.395931481034e-01	2.218521795571e-01	2.177409685463e-01	2.055605505405e-03	-2.197965740517e-01	4.515299526533e-03	9.282147488734e-22	4.515299526533e-03	-4.515299526533e-03
727                 	9.011517256757e-03	-2.160358941128e-01	2.250474113696e-01	4.410833054824e-01	2.223633620846e-01	2.187199433978e-01	1.821709343423e-03	-2.205416527412e-01	4.505758628378e-03	9.274030968128e-22	4.505758628378e-03	-4.505758628378e-03
752                 	8.984106048350e-03	-2.165010379366e-01	2.254851439849e-01	4.419861819215e-01	2.226934583079e-01	2.192927236136e-01	1.700367347146e-03	-2.209930909607e-01	4.492053024175e-03	9.268167928404e-22	4.492053024175e-03	-4.492053024175e-03
777                 	8.960767560573e-03	-2.167107249397e-01	2.256714925003e-01	4.423822174401e-01	2.228609314581e-01	2.195212859820e-01	1.669822738076e-03	-2.211911087200e-01	4.480383780287e-03	9.264315530069e-22	4.480383780287e-03	-4.480383780287e-03
802                 	8.946844976660e-03	-2.167704108728e-01	2.257172558494e-01	4.424876667222e-01	2.229130122978e-01	2.195746544244e-01	1.669178936702e-03	-2.212438333611e-01	4.473422488330e-03	9.261851335113e-22	4.473422488330e-03	-4.473422488330e-03
827                 	8.938026190153e-03	-2.167653533545e-01	2.257033795447e-01	4.424687328992e-01	2.229150974695e-01	2.195536354296e-01	1.680731019964e-03	-2.212343664496e-01	4.469013095077e-03	9.260222518194e-22	4.469013095077e-03	-4.469013095077e-03
852                 	8.933062761959e-03	-2.167494058907e-01	2.256824686526e-01	4.424318745433e-01	2.229050678660e-01	2.195268066774e-01	1.689130594305e-03	-2.212159372717e-01	4.466531380980e-03	9.258988760448e-22	4.466531380980e-03	-4.466531380980e-03
877                 	8.929557274103e-03	-2.167361238417e-01	2.256656811158e-01	4.424018049575e-01	2.228938827604e-01	2.195079221970e-01	1.692980281685e-03	-2.212009024787e-01	4.464778637051e-03	9.257949326355e-22	4.464778637051e-03	-4.464778637051e-03
902                 	8.925958191568e-03	-2.167263745618e-01	2.256523327533e-01	4.423787073151e-01	2.228862882084e-01	2.194924191067e-01	1.696934550819e-03	-2.211893536575e-01	4.462979095784e-03	9.256980180978e-22	4.462979095784e-03	-4.462979095784e-03
927                 	8.923026526380e-03	-2.167190455570e-01	2.256420720834e-01	4.423611176405e-01	2.228801530358e-01	2.194809646046e-01	1.699594215612e-03	-2.211805588202e-01	4.461513263190e-03	9.256103967969e-22	4.461513263190e-03	-4.461513263190e-03
952                 	8.920240163337e-03	-2.167116779375e-01	2.256319181009e-01	4.423435960384e-01	2.228741458584e-01	2.194694501799e-01	1.702347839252e-03	-2.211717980192e-01	4.460120081668e-03	9.255326122211e-22	4.460120081668e-03	-4.460120081668e-03
977                 	8.917782923163e-03	-2.167052453897e-01	2.256230283128e-01	4.423282737025e-01	2.228691458071e-01	2.194591278954e-01	1.705008955812e-03	-2.211641368513e-01	4.458891461581e-03	9.254620208777e-22	4.458891461581e-03	-4.458891461581e-03
1002                	8.915714788963e-03	-2.166994828343e-01	2.256151976233e-01	4.423146804575e-01	2.228642837322e-01	2.194503967253e-01	1.706943503445e-03	-2.211573402288e-01	4.457857394482e-03	9.253996239948e-22	4.457857394482e-03	-4.457857394482e-03
1027                	8.913773741096e-03	-2.166944551246e-01	2.256082288657e-01	4.423026839904e-01	2.228602461317e-01	2.194424378586e-01	1.708904136545e-03	-2.211513419952e-01	4.456886870548e-03	9.253425802518e-22	4.456886870548e-03	-4.456886870548e-03
1052                	8.912137976052e-03	-2.166903272866e-01	2.256024652627e-01	4.422927925493e-01	2.228567245908e-01	2.194360679584e-01	1.710328316192e-03	-2.211463962746e-01	4.456068988026e-03	9.252910414697e-22	4.456068988026e-03	-4.456068988026e-03
1077                	8.910608994690e-03	-2.166866653767e-01	2.255972743714e-01	4.422839397481e-01	2.228536333782e-01	2.194303063699e-01	1.711663504169e-03	-2.211419698741e-01	4.455304497345e-03	9.252444865392e-22	4.455304497345e-03	-4.455304497345e-03
